1	б	797370512448272084
2	մ	389534889403369473
3		405476342268754238
4	Ż	927590287237187244
5	ǫ	104116141664678924
6	²	906654109679386046
7	ˣ	597185197755198732
8		748326157119458455
9	ó	388411205469284180
10		543290132245116035
11	в	139520583424523011
12		626462407136811059
13		478022348048456917
14		301349552403928395
15	̤	674146461847628980
16		376794762134665052
17	ʺ	609906460211515081
18	޴	224438359703620877
19	Ѿ	324404257863416434
20		798676560917168203
21	Ų	979607826827973840
22	ûй	607432333278193354
23	贿Ϋ	994605413465760853
24		901526836266804171
25	ԯ	208872829354279538
26	Ϻ괿	321643599986439288
27	ƤΥ	487845723561793989
28	ǹ	131267159746106914
29		252728570500641493
30	í	307319210483253782
31	ʶ	827657525067748774
32		131726978659260410
33		558568169936901405
34	⻠	681217504785925982
35	ͺ	576547626933521453
36	汵	431671450239656096
37		638560555648249495
38	Ѳ	972455487839298349
39		891926597889398849
40	ӯĻ	361959977367880201
41		573002925522908700
42		399443746053348070
43	˱	360442821928537482
44		617050900629529077
45	Щ	495641813689338860
46	ݵ	387693887343210246
47		540425548467339009
48		409427511282595902
49	İ	280221990846259654
50	Ѳ	267473164697664007
51	ѧϯ	663064764117518247
52		517170328712396843
53	ʪǰ	975308561318733269
54	縠	427753741431155171
55	ϡԷ	496860368297889320
56	ܶ	327832694637307251
57		877832236315802164
58	ɿ	290826221044354448
59	մܷ	310485819163177359
60	ʸ	152188938419641187
61	ϴε	927735818680641259
62	ղҺ	572269916443147730
63	ܵ	901385482706887229
64	մ	921942872879717482
65	ſ	856647401123781191
66	߳ƿ	829797647196113816
67		200917412852411077
68		464183875820411690
69		540379709635453430
70	˩	738325478110142694
71	̨	780702612622274077
72	˱	939314209094497764
73	ͻ	928382437155719307
74	Ű	895088866325737632
75		812358882340694661
76	໶Ѱ	822225774634149873
77		499043848112476978
78		723076339568761325
79		502086793562600057
80		920162689476416923
81	ŧ	913927299858911681
82	κ	998126865074878855
83	ն	824254749108691365
84		996059478612289295
85		224602557385613483
86	Ĺ	345341227130420224
87	а	548617670197686913
88	ڹ	945446305043810416
89	ѳ	224689639152502932
90	帯ǵ	401757596611263021
91	о	687328311697959735
92	ʣ	803197354793212684
93	ɣ	674703891896181659
94	۸ƹ	554354639406423736
95		816612277629722235
96		681037776272949408
97	ԫ	326210781387100937
98	ն	520816318345184920
99		232731863001279526
100		659687593297828483
101	Ƕ	235873806217419671
102	ӽ	891917940202829658
103	Ծ	948611685397482323
104	Ǭ	328311706336553035
105	˸	622611184372664588
106	²	678957466421638493
107	ȲԲ	643834467824618691
108		334068305897204742
109	Ǳ⺤	896562526159223377
110		612056223501820246
111	ٰƾ	353093575525930511
112	̵Ѷ	965973352256181284
113	Ϩ	173304217562792076
114	ö	792660616856206851
115	ˣ	860688813482151761
116	Ի	870525464630145285
117	پ	257229442057378931
118		607600392367123545
119	ѯ	517886234349765845
120		461816722252233251
121	߷	616775543008882955
122	Ƕ	266672529436999153
123	ʩͽ	460692489170460198
124	ܵ	276204315677428343
125		215746813812816831
126	ٸԹ	331565411770184782
127	ѷ	447918898266820932
128		714033193135477802
129		616264493890192248
130	Ƶ	511663659348459646
131	Ϧ	948860941671276752
132		110270239511782587
133	ﵨ	494361115347645725
134	ɾ	460372136134842876
135	Ͽ	694821700399102212
136	ͷ	564305667627225695
137	ø	299679515754550447
138		793543472569626608
139	ŭ²	343400177352137060
140		326718179805522615
141		541111109464661771
142		938999571782864325
143	ɻ	928678189069807887
144	޺	387303609169972319
145	ٽ	703970472120944279
146	ʳͷ	935103814801811978
147	Ȫ	617216263704864150
148		604338471392861857
149		591727338204414498
150	ȻӦ	575055820039952858
151		723071312354577709
152	ɼ	436432688853213387
153		776188798849400726
154	Ϲ	967293274657215968
155	ӽӮ	452985593624492824
156		484771288863895853
157	ƥ	449285748763360914
158		216948662560390532
159	Խ	469328379861575526
160	¢ճ	384620606729521258
161	Ȼƹ	274797173012794307
162	Į	961369400846104534
163	ȧϷ	488312608684873474
164	å	838566406658990742
165	Ϭ	305234884093115576
166	ٵ	702109834991464398
167	ο	809768394492525659
168	͵	893082410108910445
169	ɲ̪	408687168069697821
170	ζ	899951669873113891
171		393415852398223983
172	Р䵼	637411106645917053
173	۰	251523822273926647
174	ϱ	263605114277571056
175	;	337043636265340737
176	е	630398658279448065
177		582155327593870641
178	ġȣ	297339732770113274
179		592248659893185463
180	Ҽͭ	620807324715638996
181		858433950142199613
182	ҩ	285532265737996760
183		580014867682630174
184	ͼ	535374808533731168
185	ܵ	619383158264163294
186	ֲ	122513628697282388
187		719251992210803968
188		401002926798689060
189	ƽ	948514610482227747
190	ҽ	487947224240747435
191		344873578611238446
192	е	695085851806400032
193	ҵ	875137837549770873
194	ˣ	257852122964901468
195	㲡	175770780723680181
196	ռ˭	491926434588296889
197	ʹ	845905841477524775
198	ծ	350830888259368074
199	ڶ	481125496322937838
200		984199592634958057
201		364352398890264736
202		114234475520789580
203	Բ	414430286189740483
204	ŵ	417800807742710219
205		752290838762767977
206	Ǿ	719541557310808092
207	ϱ	608896854955676018
208		517846357092586844
209	°ɡ	316029433098251533
210	뺭	564112672090205665
211	޷	613630258058206629
212	ؼ	542200274379543480
213	ýͣ	930146709088609780
214	ð	445220740352870539
215		391045120394671369
216		865330760494701172
217	л	771575988861406252
218		172447595817487378
219	Ƚ	454138346435394339
220		234499740983521359
221	ˮ	921296525374600225
222	к	292691254427382759
223	´ɫ	984224276512400255
224	ɻ	699108799928772703
225		435702463066462544
226	ѯ	891091520647108820
227		379760713309723385
228	ڽ	193254330550200501
229	۸	325605217240524588
230		541972372624525858
231	Ѿ	844141303285635238
232		106650607729738832
233	۶	214378271514155271
234	Σ	169716885416409204
235	ʽ	358812698891271881
236	ǭѮ	214747447140147766
237		198689470676327124
238		553223832726775972
239		894817611782133094
240		990558122642296604
241	۵	104807999997582292
242	˻	125862236539567248
243		752024666460837132
244	ç	228152604820494807
245		377353237853889599
246		359270175135231632
247		592006375672242962
248		301125842474147331
249	߱	135249695853229433
250	߰	462499157599658887
251		151068316320362030
252		842933229357288048
253	ɿ	928984806000269304
254		730661183131174794
255	˨	631400621362432350
256	ʷ	140431654208323008
257		612506492179393772
258		479524515179101621
259		632142400078258746
260	ʠƥ	525744584572673488
261	Գ	715735492501980627
262	ڼ͢	952156327285561046
263	ơ	955154861621202681
264	ӷ	162481946263509563
265		716882616079503475
266	ϯ	854681666236164482
267	ǡ	966389536848300177
268		864453119868213932
269		798581574232984098
270	ԡ淫	721293712814208413
271	ϴ	287927967063240076
272	λ	959730434703134740
273	յ	604953160711925895
274	ⶥ	135014146054439715
275	ԯǦ	630243355318453931
276	ǿ	712097398483372733
277	ͳ	828162330882661770
278		190299346155348199
279	պ	794761882649122112
280		894759909422375232
281	ɺϩ	942525641834330900
282	Ŀȩ	203398711551341511
283		909644532256879959
284		456580785804745795
285	ӥ	654525811876149095
286	ŷ	619853999598680862
287	Ȳ	741497455070546461
288	Ƹ	860335887383330749
289	з	326259602648326451
290	̣	820353788364587442
291	Ƨ	714111965243758131
292	˽ɰ	638939834032807277
293	Ȱ	449121652092315283
294	ɢ	469469709820450196
295	ø	349336264900161199
296	߸	232354278921536680
297	߱	655747891871940216
298	ϼ	285339771249373491
299	ϴ	870016549727802627
300	Ի	561942841786785831
301	ֺ	195742308293646837
302	ŲԵ	345174117561447255
303		664408681817173205
304		691461732841311616
305	б	898187343565610475
306		789307229402953270
307	Ǻ	970186964193509691
308		246593864024704923
309	Աʩ	943260762793900853
310	ԾȾ	572978628749339522
311		237855564459179425
312	𽼶	428202792335709842
313	ж	978598418561744830
314		288431963550641212
315	ȧĻ	660547717735322257
316	Ҿ	865880729147165994
317	нѶ	588605180370697848
318	ջ	419060238781692101
319	ձ	967206124073500258
320	봽	590589765599789055
321	Ѯ	900227227490378858
322		991012617046778512
323		776159871769816271
324	߽	394011587084310885
325	ơԴթ	403674193954694519
326	մ	998818138378612317
327	׶̡	904080197809933391
328	¼	514950550758162748
329	ް	101328556894190136
330	ħ	199662965763160079
331	Ѭ	967166695818513878
332		576013397265620060
333	㰲ө	417938776644195360
334	е	889007705121366051
335	Ȣ	220456948765983681
336	ݹͥ	746856830461858841
337		906633772583251254
338	ӳ	352799819107753073
339	ԯ˺	655537959612806972
340	ո	121756628821704325
341	˵	159328548820770904
342	᳦	112825895531163018
343	ս	226779700760338531
344	ٽ	217971377729687785
345	¾	540139956535191550
346	ľ	716816850809387573
347	ö	414412964661221899
348		241845219915846335
349		840524259550228809
350		970146727668361960
351	ü	861095820592914897
352	ν	641358563558917713
353	ð	492064136225368368
354	־µ	221997303106893131
355	˲	816644157887549818
356	ǽӾ	909831899954144560
357	ϻ	688318377677807570
358	ٿС	599259156399793152
359	ԵԦ	674116777813181889
360	Ƨ	655190995897587622
361		391067486552494863
362	Ф	990905405979955192
363	Ͳ	570041326696440117
364	ͳ	247810278292726155
365		210436719953186049
366		193510356504894800
367		192564641068298484
368	Űռ	964516873818878968
369	д	909813149389488544
370	ʴ	747315906344701197
371	ѱ	902590159315381578
372	Ҹ	402795888742611737
373		812918515554693068
374	غ	190518338478961991
375	͹	713075745549879830
376	˧ɦ	121947935574686656
377		712064892130602374
378	Խв	523705731234634129
379	­	284905986521127950
380		689619412821612467
381		743887617010387155
382	ٷ	581133942876695378
383		838461353849417533
384	ǬȮ	909235985838867643
385		658831480897379803
386	˼	301908782385648670
387	տ	110205272630878152
388		610263289165457816
389		898466853313549925
390	ʷ	829305177199725779
391		606669543520274963
392	߽	771058860701425844
393	˺¼	119578645096754801
394	ǡ	794146783925695267
395	ؼ	219918816076251877
396	˹	684733652346390493
397	ѻ	547806550780115075
398		461120935905742546
399	Ϫư	737490764893878135
400		492093514461328715
401	Ҽ	452158880882181547
402	ղݻ	272950545887461172
403	ͧӰ	719197130281863075
404	㻬	707068857592459332
405		890457834545624168
406	ϣ	944398201362265614
407	ȸ	721418468055269468
408		921067916440979320
409	͹	813869573065110596
410		491898359551165791
411	ж	924079610336398151
412		208481145801242263
413		260389115706563883
414		327615653855203876
415	ֶ	901994182061411164
416	̭	800153761669494765
417	Ԭ	284372535348713974
418	о	456298705635872081
419	ѹ	586687743845660296
420		263762384653243890
421		453754462371370429
422	ã	294203249816976476
423	Ȯ	769681912047951325
424	Ʃ	157729611742956397
425		268127517217846003
426		273635365349799925
427	ԩâ	308919114835168952
428	Ů	365428936300440439
429		862324885745608116
430	ѽ	924025996143229802
431	˻	819554548768434977
432	յ	615599828672870698
433	̣	930403499736166607
434		871217405173188223
435		398962174123137874
436	ʳ	555447482592996761
437		473136154499395571
438	ҰͰ	110244272171406797
439	ʱġ	395979557937385230
440	Ҷ	595278411677306142
441	ì	235801322111552724
442	ճɶ	440981121336365222
443	̾	756682808143114726
444	ʬ	412644192481128723
445	̺	367376490057272828
446	վ	353457184390339909
447	ӧ	615695781822717570
448		402647178561391935
449	±	318682848808162747
450	ǽȩ	899379975045565970
451	Ư	465053535437311698
452		419533758557924286
453	Ľѳ	419429923118187365
454	ϱ	778828251035978018
455	Լﲸ	612409637072821353
456	ƾԱ	893528867971833262
457		603171353754254813
458	ͼ	478371683290948961
459	¶	650431633021105486
460		955785843374489305
461	̹	605261721637553811
462	ϳ	265424329713273455
463	Ķ	204202148571323085
464	޾	159469391843355431
465	ѪĠ	239135823215174961
466	ȸ	742729416491331795
467		571051994556893497
468		280729199946591735
469	į̰	237980992934326968
470		708667542450850320
471		246724283559572424
472	¯ȴ	453749314273947696
473		562528312970819672
474		999708917245371591
475	ű	321623255262900360
476	ժ	111775129197603372
477	Ӽ	520956620187722544
478		162235498163881990
479	ƺ	982272604242814464
480	ֵ	209034793725932115
481		675948500395529983
482	ư	828067335972779224
483	աҳ	301875949466163832
484		115703540927324199
485	ð	460580463982804394
486	Թ۱	347840735824837862
487	Ʊ	281915680901168285
488	Ǡ	307535982258972777
489		101139921503229667
490		738354216898453108
491	ǥ	900658377169167641
492	Խ	646693117460648911
493		653555978281694955
494	Ͱ	895681986836417354
495		324280129807253224
496	ñ	600384339634948106
497	۹ݿ	671691797984986871
498		272948170330722843
499		126303890222146350
500		339082479596857065
501	޿	312308719598378129
502	óɼľ	371266749509716002
503		119470253049576136
504		382579626258709794
505		554614101570840701
506	ɰ	323261975868973194
507	ƿ	469749689021586053
508		882412566466929371
509	Ǵ	470019558292190182
510	̧	934578484653114260
511		559390897203332449
512	깨	374019140471958785
513	ϸ	628773407224190587
514		985978823605649016
515	ǹ	967046767302769690
516	˱系	909692782888707089
517	˾	848993429369339443
518	г	956919465500432394
519		298152449700374306
520	й	547114722349459422
521	κ	126350628873577987
522	¹	677327623381526717
523		488710860332761353
524	ڿ	719608894251390138
525		818143866075352011
526	ۺ	766533235044328358
527	Ѷ	290177959288533940
528	ϰԵ	590501506368709773
529	ç	379661667057977640
530		100538522234872849
531	Ǽ	173245423867813844
532		791830666493414999
533		141379956591865792
534	ѾǺ	914304420469861749
535	ٶ	201158943524789615
536	ֹ	488203644749697361
537	̽볯	547877452107211836
538	Ż	851700210375689413
539	베	444947721122612012
540	껦	294414409580608556
541		784104224287577749
542		620976540700440642
543	ŧ	710220959466667606
544	˴ɻ	647847310302879675
545		437993786953310535
546		740958547047390119
547		510271164581147585
548	ϴ	255807875391279455
549	뾲	769893799403284853
550	Ϸ	968530142399643831
551	ĽǼ	388012949975345349
552	ẳ	504433378618968381
553	ٻ	683762693605612937
554	Ϯ	661248130825433178
555	Խ	311368354967372813
556		823198306017490942
557	Ʒ	558572111371833363
558	ն	589431811378215986
559		821249343647294434
560	¯	771133650334996413
561	ճ	852753703106458959
562		972135316458235341
563	Ƶ	799635456524164137
564	׽ɮ	713381243321435829
565	ϼ	115730164016715483
566	۾	175663872638645161
567	˥	711854197062655199
568		317916135478227607
569	ϣ	758544511674499046
570	ƥ	773153120520390316
571		369376700184409057
572	̻ͼ	437063362820188412
573	¼	233387805426786943
574	Ť	230661207352906212
575	Ϸ	204338844463871667
576		423757738703388089
577	ڵ	207570629448915783
578		581902749397716113
579	̮	680250919036823363
580		901656608783363124
581	н	214781231604888440
582	·ҥ	666955737026590031
583	ե	431895182052316930
584		544322328359627764
585	̶	311136690919556272
586		249136871842896258
587	Գ	199185579422223398
588	ƽ	867439204472668914
589	ϵ	238679590805592682
590	ǡ	101277957937804512
591		487353637563863054
592		943888266119780231
593		205811704693577668
594		504165956697164059
595	Ե	576160187555908970
596	ͩ	550704467494362295
597	ԥֱ	504497405204471149
598		481781465647208723
599	ΰ	216922664699673051
600	ʣ	150581430705970918
601		320562874864720609
602	л	381859557285587871
603		727523928137807694
604		607359628628585956
605	ʾ	663192385081327674
606		860751883561634262
607	խ	179348162435528767
608	ų	248883251143592634
609	ӣ	479551469643116149
610		709633511857889060
611	ɵ	601759624596770273
612		143835556636312413
613	Ҧ	214662706770858252
614	ɼñ	102364852100717006
615		442694306396856238
616	«	250793856821702831
617	ǭ	402077655339755508
618		436171529750697253
619	ַ	467249224518378672
620	ξ	557043946543292210
621	Ԯ	152522878900715194
622	ظ	440680906832314371
623	̢	464063495515556794
624	迱	141859373019270229
625	իѦ	110585592694473572
626	۸	784327512023192761
627	ϳѨ	657568171269326002
628		179419638667483783
629	޺	575826924324127392
