*******************************************************************************


                  程序启动时间：2018年5月2日 10:43:55


*******************************************************************************



第 2 轮摇号结果：086 019 193 275 081 210 254 198 031 070 

第 3 轮摇号结果：033 322 066 100 053 125 165 207 035 141 

第 4 轮摇号结果：279 258 037 192 034 129 252 004 151 082 

第 5 轮摇号结果：032 043 246 056 039 248 205 185 148 092 

第 6 轮摇号结果：046 099 162 213 323 224 326 047 281 308 

第 7 轮摇号结果：222 135 313 170 038 068 142 266 153 284 

第 8 轮摇号结果：264 295 306 204 012 225 083 080 123 072 

第 9 轮摇号结果：239 075 269 132 023 272 301 003 084 247 

