*******************************************************************************


                  程序启动时间：2018年3月2日 15:39:43


*******************************************************************************



当前摇号时间 2018年3月2日 15:39:44
	4
	30
	31
	28
	21
	14
	13
	6
	12
	17
当前摇号时间 2018年3月2日 15:39:46
	26
	15
	33
	3
	25
	16
	18
	8
	29
	27
*******************************************************************************


                  程序启动时间：2018年3月2日 16:55:05


*******************************************************************************



当前摇号时间 2018年3月2日 16:55:15
	21
	9
	23
	13
	11
	32
	22
	14
	29
	26
当前摇号时间 2018年3月2日 16:55:18
	4
	5
	3
	24
	17
	1
	31
	28
	10
	15
当前摇号时间 2018年3月2日 16:55:21
	19
	20
	6
	8
	2
	16
	7
	30
	18
	27
当前摇号时间 2018年3月2日 16:55:25
	33
	12
	25
	47
	36
	48
	39
	52
	42
	71
当前摇号时间 2018年3月2日 16:55:30
	50
	41
	57
	35
	69
	34
	73
	62
	53
	45
当前摇号时间 2018年3月2日 16:55:31
	38
	54
	65
	46
	59
	56
	60
	64
	67
	61
当前摇号时间 2018年3月2日 16:55:32
	43
	51
	40
	37
	72
	44
	70
	58
	63
	55
当前摇号时间 2018年3月2日 16:55:36
	68
	66
	49
